53,35
34,8
34,7
0,504
0,503
0,502
0,501
0,500
0,499
0,498
0,497
0,496
0,495
0,494
0,493
0,492
0,491
0,490
0,489
0,488
0,487
0,486
0,485
0,484
0,483
0,482
0,481
0,480
0,479
0,478
0,477
0,476
0,475
0,474
0,243
0,473
0,472
0,471
0,470
0,469
0,468
0,467
0,466
0,465
0,464
0,463
0,462
0,461
0,460
0,459
0,458
0,457
0,456
0,455
0,454
0,453
0,452
0,451
0,450
0,449
0,448
0,447
0,446
0,445
0,444
0,443
0,442
0,441
36,2
0,440
35,2
34,2
0,439
27,2
31,2
0,438
28,5
30,5
36,5
36,4
35,6
35,5
35,4
35,1
35,3
0,437
0,436
34,6
34,5
33,4
33,1
33,3
27,7
27,6
27,5
27,4
27,1
27,3
31,5
0,435
0,434
0,433
25,2
0,432
0,431
0,430
30,7
30,6
30,1
30,3
31,4
31,1
31,3
34,4
34,1
34,3
32,6
32,5
32,4
32,1
32,3
26,6
26,5
26,4
26,1
26,3
24,6
24,5
24,4
25,4
25,1
25,3
23,6
23,5
23,4
0,429
